28 71 21 69 34
71 21 69 34 11
21 69 34 11 27
69 34 11 27 49
34 11 27 49 50
11 27 49 50 36
27 49 50 36 45
49 50 36 45 58
50 36 45 58 9
36 45 58 9 22
45 58 9 22 5
58 9 22 5 12
9 22 5 12 42
22 5 12 42 38
5 12 42 38 44
12 42 38 44 23
42 38 44 23 -11
38 44 23 -11 44
44 23 -11 44 41
23 -11 44 41 14
-11 44 41 14 33
44 41 14 33 77
41 14 33 77 78
14 33 77 78 103
33 77 78 103 96
77 78 103 96 136
78 103 96 136 179
103 96 136 179 199
96 136 179 199 265
136 179 199 265 238
179 199 265 238 234
199 265 238 234 201
265 238 234 201 179
238 234 201 179 194
234 201 179 194 182
201 179 194 182 203
179 194 182 203 197
194 182 203 197 183
182 203 197 183 144
203 197 183 144 129
197 183 144 129 154
183 144 129 154 159
144 129 154 159 217
129 154 159 217 239
154 159 217 239 218
159 217 239 218 241
217 239 218 241 239
239 218 241 239 214
218 241 239 214 224
241 239 214 224 240
239 214 224 240 228
214 224 240 228 252
224 240 228 252 255
240 228 252 255 215
228 252 255 215 232
252 255 215 232 237
255 215 232 237 222
215 232 237 222 208
232 237 222 208 237
237 222 208 237 225
222 208 237 225 221
208 237 225 221 198
237 225 221 198 216
225 221 198 216 238
221 198 216 238 247
198 216 238 247 236
216 238 247 236 213
238 247 236 213 245
247 236 213 245 215
236 213 245 215 245
213 245 215 245 271
245 215 245 271 297
215 245 271 297 299
245 271 297 299 270
271 297 299 270 276
297 299 270 276 246
299 270 276 246 269
270 276 246 269 260
276 246 269 260 242
246 269 260 242 204
269 260 242 204 198
260 242 204 198 180
242 204 198 180 208
204 198 180 208 208
198 180 208 208 205
180 208 208 205 164
208 208 205 164 146
208 205 164 146 99
205 164 146 99 124
164 146 99 124 85
146 99 124 85 58
99 124 85 58 87