66 64 60 58 17
64 60 58 17 49
60 58 17 49 34
58 17 49 34 17
17 49 34 17 8
49 34 17 8 53
34 17 8 53 15
17 8 53 15 15
8 53 15 15 45
53 15 15 45 57
15 15 45 57 33
15 45 57 33 42
45 57 33 42 8
57 33 42 8 52
33 42 8 52 24
42 8 52 24 29
8 52 24 29 -13
52 24 29 -13 37
24 29 -13 37 37
29 -13 37 37 4
-13 37 37 4 32
37 37 4 32 38
37 4 32 38 68
4 32 38 68 77
32 38 68 77 95
38 68 77 95 119
68 77 95 119 161
77 95 119 161 184
95 119 161 184 276
119 161 184 276 247
161 184 276 247 251
184 276 247 251 193
276 247 251 193 226
247 251 193 226 213
251 193 226 213 195
193 226 213 195 182
226 213 195 182 166
213 195 182 166 188
195 182 166 188 149
182 166 188 149 132
166 188 149 132 167
188 149 132 167 181
149 132 167 181 203
132 167 181 203 219
167 181 203 219 226
181 203 219 226 216
203 219 226 216 234
219 226 216 234 197
226 216 234 197 219
216 234 197 219 230
234 197 219 230 247
197 219 230 247 238
219 230 247 238 259
230 247 238 259 270
247 238 259 270 232
238 259 270 232 202
259 270 232 202 243
270 232 202 243 223
232 202 243 223 202
202 243 223 202 235
243 223 202 235 184
223 202 235 184 215
202 235 184 215 217
235 184 215 217 209
184 215 217 209 199
215 217 209 199 197
217 209 199 197 226
209 199 197 226 217
199 197 226 217 254
197 226 217 254 243
226 217 254 243 281
217 254 243 281 285
254 243 281 285 285
243 281 285 285 251
281 285 285 251 288
285 285 251 288 236
285 251 288 236 266
251 288 236 266 214
288 236 266 214 213
236 266 214 213 186
266 214 213 186 209
214 213 186 209 176
213 186 209 176 163
186 209 176 163 199
209 176 163 199 171
176 163 199 171 170
163 199 171 170 134
199 171 170 134 128
171 170 134 128 72
170 134 128 72 113
134 128 72 113 94
128 72 113 94 78
69 41 53 48 42
41 53 48 42 25
53 48 42 25 21
48 42 25 21 32
42 25 21 32 16
25 21 32 16 52
21 32 16 52 63
32 16 52 63 7
16 52 63 7 38
52 63 7 38 9
63 7 38 9 50
7 38 9 50 60
38 9 50 60 3
9 50 60 3 51
50 60 3 51 -7
60 3 51 -7 29
3 51 -7 29 32
51 -7 29 32 21
-7 29 32 21 46
29 32 21 46 50
32 21 46 50 38
21 46 50 38 26
46 50 38 26 49
50 38 26 49 64
38 26 49 64 73
26 49 64 73 114
49 64 73 114 182
64 73 114 182 239
73 114 182 239 242
114 182 239 242 233
182 239 242 233 255
239 242 233 255 240
242 233 255 240 211
233 255 240 211 225
255 240 211 225 207
240 211 225 207 176
211 225 207 176 190
225 207 176 190 158
207 176 190 158 153
176 190 158 153 169
190 158 153 169 152
158 153 169 152 165
153 169 152 165 197
169 152 165 197 226
152 165 197 226 236
165 197 226 236 226
197 226 236 226 221
226 236 226 221 209
236 226 221 209 175
226 221 209 175 226
221 209 175 226 255
209 175 226 255 229
175 226 255 229 279
226 255 229 279 234
255 229 279 234 259
229 279 234 259 225
279 234 259 225 215
234 259 225 215 199
259 225 215 199 188
225 215 199 188 194
215 199 188 194 214
199 188 194 214 222
188 194 214 222 222
194 214 222 222 186
214 222 222 186 241
222 222 186 241 251
222 186 241 251 247
186 241 251 247 208
241 251 247 208 233
251 247 208 233 263
247 208 233 263 274
208 233 263 274 254
233 263 274 254 267
263 274 254 267 281
274 254 267 281 259
254 267 281 259 258
267 281 259 258 225
281 259 258 225 211
259 258 225 211 240
258 225 211 240 227
225 211 240 227 227
211 240 227 227 172
240 227 227 172 171
227 227 172 171 161
227 172 171 161 180
172 171 161 180 142
171 161 180 142 164
161 180 142 164 96
180 142 164 96 73
142 164 96 73 91
164 96 73 91 92
96 73 91 92 52
31 38 28 44 65
38 28 44 65 46
28 44 65 46 13
44 65 46 13 28
65 46 13 28 6
46 13 28 6 33
13 28 6 33 30
28 6 33 30 65
6 33 30 65 54
33 30 65 54 33
30 65 54 33 56
65 54 33 56 9
54 33 56 9 22
33 56 9 22 51
56 9 22 51 47
9 22 51 47 31
22 51 47 31 22
51 47 31 22 9
47 31 22 9 49
31 22 9 49 4
22 9 49 4 44
9 49 4 44 57
49 4 44 57 85
4 44 57 85 77
44 57 85 77 115
57 85 77 115 158
85 77 115 158 165
77 115 158 165 216
115 158 165 216 279
158 165 216 279 241
165 216 279 241 215
216 279 241 215 220
279 241 215 220 192
241 215 220 192 211
215 220 192 211 185
220 192 211 185 185
192 211 185 185 192
211 185 185 192 201
185 185 192 201 155
185 192 201 155 178
192 201 155 178 165
201 155 178 165 198
155 178 165 198 162
178 165 198 162 202
165 198 162 202 240
198 162 202 240 210
162 202 240 210 199
202 240 210 199 221
240 210 199 221 208
210 199 221 208 218
199 221 208 218 235
221 208 218 235 211
208 218 235 211 241
218 235 211 241 240
235 211 241 240 220
211 241 240 220 241
241 240 220 241 242
240 220 241 242 202
220 241 242 202 224
241 242 202 224 184
242 202 224 184 221
202 224 184 221 184
224 184 221 184 216
184 221 184 216 207
221 184 216 207 239
184 216 207 239 226
216 207 239 226 230
207 239 226 230 258
239 226 230 258 232
226 230 258 232 247
230 258 232 247 288
258 232 247 288 243
232 247 288 243 309
247 288 243 309 252
288 243 309 252 271
243 309 252 271 256
309 252 271 256 251
252 271 256 251 222
271 256 251 222 228
256 251 222 228 229
251 222 228 229 172
222 228 229 172 171
228 229 172 171 219
229 172 171 219 195
172 171 219 195 164
171 219 195 164 155
219 195 164 155 118
195 164 155 118 107
164 155 118 107 86
155 118 107 86 78
118 107 86 78 55
107 86 78 55 54